# Created by Octave 4.4.0, Sat Jul 28 01:50:00 2018 KST <sanghyuk@Sanghyukui-MacBook-Pro.local>
# name: v
# type: matrix
# rows: 1
# columns: 7
 1 2 3 4 5 6 7


